CLASSIFICATION REPORT: ADVANCED_CNN
============================================================
              precision    recall  f1-score   support

           0     0.9684    0.9800    0.9742      1000
           1     0.9859    0.9770    0.9814      1000
           2     0.9549    0.9740    0.9644      1000
           3     0.8846    0.9127    0.8984       126
           4     0.9615    0.9730    0.9672      1000
           5     0.9436    0.9030    0.9228      1000
           6     0.9598    0.9300    0.9446      1000
           7     0.8984    0.9280    0.9129      1000
           8     0.8909    0.9687    0.9282       767
           9     0.9632    0.9420    0.9525      1000
          10     0.9867    0.9640    0.9752      1000
          11     0.9536    0.9450    0.9493      1000
          12     0.9610    0.9120    0.9359      1000
          13     0.9529    0.9248    0.9386       678
          14     0.9661    0.9062    0.9352       629
          15     0.9485    0.9760    0.9621      1000
          16     0.9738    0.9785    0.9761       418
          17     0.9296    0.9640    0.9465      1000
          18     0.9282    0.9560    0.9419      1000
          19     0.9779    0.9720    0.9749      1000
          20     0.9553    0.9190    0.9368      1000
          21     0.9466    0.9570    0.9518      1000
          22     0.9471    0.9583    0.9527       336
          23     0.9327    0.9724    0.9521       399
          24     0.9471    0.9660    0.9564      1000
          25     0.9823    0.9430    0.9622      1000
          26     0.9832    0.9809    0.9820       836
          27     0.9640    0.9370    0.9503      1000
          28     0.9700    0.9370    0.9532      1000
          29     0.8632    0.9352    0.8978       324
          30     0.9051    0.9820    0.9420      1000
          31     0.9370    0.9558    0.9463       498
          32     0.9621    0.9071    0.9338       280
          33     0.9757    0.9475    0.9614       552
          34     0.9415    0.9810    0.9608      1000
          35     0.9526    0.9640    0.9583      1000
          36     0.9058    0.9615    0.9328       260
          37     0.9627    0.9800    0.9713      1000
          38     0.9406    0.9350    0.9378      1000
          39     0.9470    0.9300    0.9384      1000
          40     0.9206    0.9280    0.9243      1000
          41     0.9482    0.9710    0.9595      1000
          42     0.9331    0.9626    0.9477       348
          43     0.9707    0.9333    0.9516       390
          44     0.9434    0.7353    0.8264        68
          45     0.9492    0.8750    0.9106        64
          46     0.9663    0.9750    0.9706      1000
          47     0.9764    0.9910    0.9836      1000
          48     0.9299    0.7857    0.8517       574

    accuracy                         0.9507     38547
   macro avg     0.9479    0.9427    0.9446     38547
weighted avg     0.9512    0.9507    0.9506     38547
