CLASSIFICATION REPORT: ANN_ENSEMBLE
============================================================
              precision    recall  f1-score   support

           0     0.9068    0.9050    0.9059      1000
           1     0.9652    0.9440    0.9545      1000
           2     0.8812    0.9420    0.9106      1000
           3     0.7769    0.8016    0.7891       126
           4     0.8990    0.8900    0.8945      1000
           5     0.8549    0.8310    0.8428      1000
           6     0.8784    0.8310    0.8541      1000
           7     0.8680    0.8880    0.8779      1000
           8     0.7330    0.8592    0.7911       767
           9     0.8994    0.8760    0.8875      1000
          10     0.9203    0.9010    0.9106      1000
          11     0.9236    0.8830    0.9029      1000
          12     0.8144    0.7940    0.8041      1000
          13     0.8372    0.7360    0.7834       678
          14     0.7917    0.7552    0.7730       629
          15     0.8888    0.8870    0.8879      1000
          16     0.9087    0.9522    0.9299       418
          17     0.8289    0.9250    0.8743      1000
          18     0.8790    0.9010    0.8899      1000
          19     0.8862    0.8800    0.8831      1000
          20     0.8298    0.8290    0.8294      1000
          21     0.8347    0.8840    0.8587      1000
          22     0.8319    0.8393    0.8356       336
          23     0.8201    0.8797    0.8489       399
          24     0.8946    0.8740    0.8842      1000
          25     0.9363    0.8080    0.8674      1000
          26     0.9584    0.8816    0.9184       836
          27     0.9152    0.8200    0.8650      1000
          28     0.9648    0.8780    0.9194      1000
          29     0.8006    0.8302    0.8152       324
          30     0.7566    0.9170    0.8291      1000
          31     0.8548    0.8394    0.8470       498
          32     0.8467    0.8286    0.8375       280
          33     0.8360    0.8587    0.8472       552
          34     0.8463    0.9470    0.8938      1000
          35     0.9019    0.8550    0.8778      1000
          36     0.7820    0.8692    0.8233       260
          37     0.9273    0.9570    0.9419      1000
          38     0.8501    0.8960    0.8724      1000
          39     0.8850    0.8700    0.8775      1000
          40     0.8758    0.7970    0.8346      1000
          41     0.8421    0.9120    0.8757      1000
          42     0.9115    0.8879    0.8996       348
          43     0.9171    0.8231    0.8676       390
          44     0.8571    0.6176    0.7179        68
          45     0.9524    0.6250    0.7547        64
          46     0.8654    0.8810    0.8731      1000
          47     0.9421    0.9600    0.9510      1000
          48     0.8757    0.8223    0.8482       574

    accuracy                         0.8734     38547
   macro avg     0.8705    0.8586    0.8624     38547
weighted avg     0.8758    0.8734    0.8734     38547
