CLASSIFICATION REPORT: DEEP_ANN
============================================================
              precision    recall  f1-score   support

           0     0.8931    0.8690    0.8809      1000
           1     0.9385    0.9460    0.9422      1000
           2     0.8951    0.9220    0.9084      1000
           3     0.6485    0.8492    0.7354       126
           4     0.8865    0.8830    0.8848      1000
           5     0.8291    0.8150    0.8220      1000
           6     0.8512    0.8120    0.8311      1000
           7     0.8639    0.8820    0.8728      1000
           8     0.7452    0.8083    0.7755       767
           9     0.8963    0.8730    0.8845      1000
          10     0.9144    0.8760    0.8948      1000
          11     0.9254    0.8680    0.8958      1000
          12     0.7992    0.7800    0.7895      1000
          13     0.8121    0.7330    0.7705       678
          14     0.8351    0.7647    0.7983       629
          15     0.8659    0.8850    0.8754      1000
          16     0.9002    0.9498    0.9243       418
          17     0.8355    0.9040    0.8684      1000
          18     0.8581    0.8950    0.8762      1000
          19     0.8848    0.8910    0.8879      1000
          20     0.8777    0.7820    0.8271      1000
          21     0.7955    0.8830    0.8370      1000
          22     0.7663    0.8393    0.8011       336
          23     0.8142    0.8346    0.8243       399
          24     0.8898    0.8640    0.8767      1000
          25     0.9122    0.8210    0.8642      1000
          26     0.9459    0.8792    0.9113       836
          27     0.9132    0.8210    0.8647      1000
          28     0.9538    0.8680    0.9089      1000
          29     0.7864    0.7840    0.7852       324
          30     0.7510    0.9080    0.8221      1000
          31     0.9040    0.8133    0.8562       498
          32     0.8345    0.8286    0.8315       280
          33     0.7884    0.8370    0.8120       552
          34     0.8041    0.9400    0.8668      1000
          35     0.8724    0.8340    0.8528      1000
          36     0.8178    0.8462    0.8318       260
          37     0.9213    0.9600    0.9403      1000
          38     0.8257    0.9140    0.8676      1000
          39     0.8849    0.8610    0.8728      1000
          40     0.8677    0.7870    0.8254      1000
          41     0.8357    0.8950    0.8643      1000
          42     0.8886    0.8707    0.8795       348
          43     0.9341    0.8000    0.8619       390
          44     0.8511    0.5882    0.6957        68
          45     0.8776    0.6719    0.7611        64
          46     0.8418    0.8830    0.8619      1000
          47     0.9432    0.9640    0.9535      1000
          48     0.8651    0.8153    0.8395       574

    accuracy                         0.8633     38547
   macro avg     0.8580    0.8490    0.8513     38547
weighted avg     0.8659    0.8633    0.8633     38547
