CLASSIFICATION REPORT: KERAS_TUNER
============================================================
              precision    recall  f1-score   support

           0     0.9405    0.9330    0.9367      1000
           1     0.9787    0.9650    0.9718      1000
           2     0.8989    0.9690    0.9326      1000
           3     0.7467    0.8889    0.8116       126
           4     0.9258    0.9230    0.9244      1000
           5     0.9056    0.8730    0.8890      1000
           6     0.8693    0.8980    0.8834      1000
           7     0.8780    0.9210    0.8990      1000
           8     0.8704    0.8579    0.8641       767
           9     0.9090    0.9190    0.9140      1000
          10     0.9646    0.8990    0.9306      1000
          11     0.9546    0.9050    0.9292      1000
          12     0.8952    0.8460    0.8699      1000
          13     0.8837    0.8068    0.8435       678
          14     0.9076    0.8124    0.8574       629
          15     0.9234    0.9280    0.9257      1000
          16     0.9227    0.9713    0.9464       418
          17     0.8919    0.9490    0.9196      1000
          18     0.8961    0.9310    0.9132      1000
          19     0.9531    0.9350    0.9440      1000
          20     0.8635    0.8980    0.8804      1000
          21     0.8687    0.9200    0.8936      1000
          22     0.8848    0.8690    0.8769       336
          23     0.8726    0.9273    0.8991       399
          24     0.9148    0.9230    0.9189      1000
          25     0.9557    0.8630    0.9070      1000
          26     0.9711    0.9234    0.9467       836
          27     0.9358    0.8750    0.9044      1000
          28     0.9499    0.9100    0.9295      1000
          29     0.8373    0.8735    0.8550       324
          30     0.8718    0.9450    0.9069      1000
          31     0.9342    0.8835    0.9082       498
          32     0.9240    0.8679    0.8950       280
          33     0.9292    0.9040    0.9164       552
          34     0.9100    0.9500    0.9295      1000
          35     0.9180    0.9070    0.9125      1000
          36     0.8927    0.8962    0.8944       260
          37     0.9681    0.9700    0.9690      1000
          38     0.8692    0.9300    0.8986      1000
          39     0.9127    0.9090    0.9108      1000
          40     0.8433    0.8880    0.8651      1000
          41     0.9092    0.9310    0.9200      1000
          42     0.9145    0.9224    0.9185       348
          43     0.9249    0.8846    0.9043       390
          44     0.9400    0.6912    0.7966        68
          45     0.8413    0.8281    0.8346        64
          46     0.8940    0.9280    0.9107      1000
          47     0.9733    0.9830    0.9781      1000
          48     0.8897    0.8153    0.8509       574

    accuracy                         0.9112     38547
   macro avg     0.9067    0.9010    0.9028     38547
weighted avg     0.9123    0.9112    0.9111     38547
