CLASSIFICATION REPORT: MIXED_ENSEMBLE
============================================================
              precision    recall  f1-score   support

           0     0.9723    0.9820    0.9771      1000
           1     0.9869    0.9820    0.9845      1000
           2     0.9531    0.9750    0.9639      1000
           3     0.9286    0.9286    0.9286       126
           4     0.9712    0.9780    0.9746      1000
           5     0.9562    0.9170    0.9362      1000
           6     0.9689    0.9360    0.9522      1000
           7     0.9044    0.9370    0.9204      1000
           8     0.9049    0.9804    0.9412       767
           9     0.9656    0.9530    0.9592      1000
          10     0.9868    0.9710    0.9788      1000
          11     0.9503    0.9570    0.9537      1000
          12     0.9654    0.9210    0.9427      1000
          13     0.9559    0.9277    0.9416       678
          14     0.9698    0.9205    0.9445       629
          15     0.9617    0.9790    0.9703      1000
          16     0.9740    0.9856    0.9798       418
          17     0.9240    0.9730    0.9479      1000
          18     0.9474    0.9550    0.9512      1000
          19     0.9771    0.9830    0.9801      1000
          20     0.9598    0.9300    0.9446      1000
          21     0.9629    0.9600    0.9614      1000
          22     0.9419    0.9643    0.9529       336
          23     0.9509    0.9699    0.9603       399
          24     0.9579    0.9780    0.9678      1000
          25     0.9885    0.9470    0.9673      1000
          26     0.9880    0.9833    0.9856       836
          27     0.9764    0.9500    0.9630      1000
          28     0.9815    0.9540    0.9675      1000
          29     0.9024    0.9414    0.9215       324
          30     0.9205    0.9840    0.9512      1000
          31     0.9658    0.9639    0.9648       498
          32     0.9696    0.9107    0.9392       280
          33     0.9642    0.9764    0.9703       552
          34     0.9516    0.9840    0.9676      1000
          35     0.9485    0.9770    0.9626      1000
          36     0.9506    0.9615    0.9560       260
          37     0.9685    0.9840    0.9762      1000
          38     0.9401    0.9580    0.9490      1000
          39     0.9514    0.9400    0.9457      1000
          40     0.9431    0.9440    0.9435      1000
          41     0.9596    0.9740    0.9667      1000
          42     0.9548    0.9713    0.9630       348
          43     0.9764    0.9538    0.9650       390
          44     0.9811    0.7647    0.8595        68
          45     0.9828    0.8906    0.9344        64
          46     0.9723    0.9820    0.9771      1000
          47     0.9851    0.9920    0.9885      1000
          48     0.9554    0.7840    0.8612       574

    accuracy                         0.9588     38547
   macro avg     0.9587    0.9513    0.9543     38547
weighted avg     0.9592    0.9588    0.9586     38547
