CLASSIFICATION REPORT: MIXUP_CNN
============================================================
              precision    recall  f1-score   support

           0     0.9412    0.9450    0.9431      1000
           1     0.9709    0.9680    0.9695      1000
           2     0.9174    0.9660    0.9411      1000
           3     0.8357    0.9286    0.8797       126
           4     0.9270    0.9530    0.9398      1000
           5     0.9246    0.8580    0.8900      1000
           6     0.9175    0.9120    0.9147      1000
           7     0.8758    0.9170    0.8959      1000
           8     0.8547    0.9205    0.8864       767
           9     0.9137    0.9210    0.9173      1000
          10     0.9673    0.9160    0.9409      1000
          11     0.9128    0.9420    0.9272      1000
          12     0.9236    0.8460    0.8831      1000
          13     0.9375    0.7965    0.8612       678
          14     0.9115    0.8680    0.8893       629
          15     0.9219    0.9560    0.9386      1000
          16     0.9314    0.9737    0.9520       418
          17     0.8645    0.9630    0.9111      1000
          18     0.9191    0.9310    0.9250      1000
          19     0.9272    0.9550    0.9409      1000
          20     0.9171    0.8850    0.9008      1000
          21     0.9303    0.9210    0.9256      1000
          22     0.8886    0.9018    0.8951       336
          23     0.9146    0.9398    0.9271       399
          24     0.9513    0.9380    0.9446      1000
          25     0.9598    0.8830    0.9198      1000
          26     0.9732    0.9545    0.9638       836
          27     0.9256    0.8960    0.9106      1000
          28     0.9547    0.9280    0.9412      1000
          29     0.8910    0.8827    0.8868       324
          30     0.8968    0.9470    0.9212      1000
          31     0.9353    0.8996    0.9171       498
          32     0.9453    0.8643    0.9030       280
          33     0.9297    0.9348    0.9322       552
          34     0.9006    0.9690    0.9335      1000
          35     0.9314    0.9100    0.9206      1000
          36     0.9272    0.9308    0.9290       260
          37     0.9603    0.9670    0.9636      1000
          38     0.8918    0.9480    0.9190      1000
          39     0.9086    0.9150    0.9118      1000
          40     0.8903    0.8930    0.8917      1000
          41     0.9111    0.9530    0.9316      1000
          42     0.9366    0.9339    0.9353       348
          43     0.9451    0.8821    0.9125       390
          44     0.9600    0.7059    0.8136        68
          45     0.9322    0.8594    0.8943        64
          46     0.9192    0.9440    0.9314      1000
          47     0.9471    0.9850    0.9657      1000
          48     0.9516    0.7544    0.8416       574

    accuracy                         0.9226     38547
   macro avg     0.9229    0.9135    0.9170     38547
weighted avg     0.9234    0.9226    0.9222     38547
