CLASSIFICATION REPORT: PYTORCH_ANN
============================================================
              precision    recall  f1-score   support

           0     0.9050    0.7910    0.8442      1000
           1     0.9364    0.9280    0.9322      1000
           2     0.8502    0.9420    0.8937      1000
           3     0.6108    0.8095    0.6962       126
           4     0.7771    0.8890    0.8293      1000
           5     0.7786    0.7420    0.7599      1000
           6     0.7460    0.7960    0.7702      1000
           7     0.8592    0.8540    0.8566      1000
           8     0.6812    0.7353    0.7072       767
           9     0.8613    0.8010    0.8301      1000
          10     0.8713    0.8460    0.8584      1000
          11     0.8839    0.8070    0.8437      1000
          12     0.7958    0.7250    0.7588      1000
          13     0.7870    0.7139    0.7486       678
          14     0.7420    0.6995    0.7201       629
          15     0.7963    0.8130    0.8046      1000
          16     0.8897    0.8876    0.8886       418
          17     0.7857    0.8580    0.8203      1000
          18     0.8578    0.8810    0.8693      1000
          19     0.8758    0.8040    0.8384      1000
          20     0.7955    0.7120    0.7515      1000
          21     0.7769    0.8290    0.8021      1000
          22     0.7846    0.7589    0.7716       336
          23     0.7477    0.8020    0.7739       399
          24     0.8394    0.8260    0.8327      1000
          25     0.8459    0.7740    0.8084      1000
          26     0.9074    0.8553    0.8805       836
          27     0.8897    0.7740    0.8278      1000
          28     0.9361    0.8490    0.8904      1000
          29     0.6421    0.7809    0.7047       324
          30     0.7252    0.8470    0.7814      1000
          31     0.7724    0.7631    0.7677       498
          32     0.8249    0.7571    0.7896       280
          33     0.8177    0.7717    0.7940       552
          34     0.8093    0.8830    0.8446      1000
          35     0.8306    0.8190    0.8248      1000
          36     0.6268    0.8462    0.7201       260
          37     0.8453    0.9560    0.8972      1000
          38     0.8269    0.8550    0.8407      1000
          39     0.8322    0.8230    0.8276      1000
          40     0.6826    0.7700    0.7237      1000
          41     0.8008    0.8360    0.8180      1000
          42     0.8441    0.8247    0.8343       348
          43     0.8011    0.7436    0.7713       390
          44     0.7541    0.6765    0.7132        68
          45     0.6308    0.6406    0.6357        64
          46     0.8738    0.8170    0.8444      1000
          47     0.9419    0.9400    0.9409      1000
          48     0.8583    0.7282    0.7879       574

    accuracy                         0.8201     38547
   macro avg     0.8072    0.8078    0.8055     38547
weighted avg     0.8237    0.8201    0.8203     38547
