CLASSIFICATION REPORT: RESIDUAL_CNN
============================================================
              precision    recall  f1-score   support

           0     0.8988    0.9240    0.9112      1000
           1     0.9812    0.9370    0.9586      1000
           2     0.9338    0.9590    0.9462      1000
           3     0.7286    0.8095    0.7669       126
           4     0.9122    0.9250    0.9186      1000
           5     0.8809    0.8800    0.8804      1000
           6     0.8769    0.8550    0.8658      1000
           7     0.8565    0.9010    0.8782      1000
           8     0.7434    0.8462    0.7915       767
           9     0.9121    0.8610    0.8858      1000
          10     0.9443    0.8480    0.8936      1000
          11     0.9446    0.8860    0.9143      1000
          12     0.8318    0.8210    0.8264      1000
          13     0.8291    0.7655    0.7960       678
          14     0.8885    0.7981    0.8409       629
          15     0.8866    0.9230    0.9045      1000
          16     0.9408    0.9498    0.9452       418
          17     0.8899    0.9050    0.8974      1000
          18     0.9233    0.9150    0.9191      1000
          19     0.8849    0.9380    0.9107      1000
          20     0.7667    0.8380    0.8008      1000
          21     0.8467    0.9110    0.8776      1000
          22     0.8220    0.8661    0.8435       336
          23     0.8242    0.9048    0.8626       399
          24     0.9203    0.9010    0.9106      1000
          25     0.9048    0.8460    0.8744      1000
          26     0.9712    0.9294    0.9499       836
          27     0.9157    0.8690    0.8917      1000
          28     0.9590    0.8660    0.9101      1000
          29     0.7962    0.7840    0.7900       324
          30     0.7993    0.9240    0.8571      1000
          31     0.9032    0.8614    0.8818       498
          32     0.9664    0.8214    0.8880       280
          33     0.9035    0.8986    0.9010       552
          34     0.8803    0.9560    0.9166      1000
          35     0.8823    0.8770    0.8796      1000
          36     0.8902    0.9038    0.8969       260
          37     0.9539    0.9720    0.9629      1000
          38     0.8973    0.9170    0.9070      1000
          39     0.9080    0.8780    0.8927      1000
          40     0.8651    0.8530    0.8590      1000
          41     0.8923    0.9360    0.9136      1000
          42     0.9333    0.8851    0.9086       348
          43     0.8635    0.8436    0.8534       390
          44     0.8333    0.5882    0.6897        68
          45     0.7273    0.7500    0.7385        64
          46     0.9211    0.9340    0.9275      1000
          47     0.9434    0.9830    0.9628      1000
          48     0.9050    0.7300    0.8081       574

    accuracy                         0.8905     38547
   macro avg     0.8833    0.8750    0.8777     38547
weighted avg     0.8924    0.8905    0.8905     38547
