CLASSIFICATION REPORT: SIMPLE_ANN
============================================================
              precision    recall  f1-score   support

           0     0.8460    0.8680    0.8569      1000
           1     0.9292    0.9320    0.9306      1000
           2     0.9069    0.9160    0.9114      1000
           3     0.7315    0.8651    0.7927       126
           4     0.8578    0.8810    0.8693      1000
           5     0.8019    0.7730    0.7872      1000
           6     0.7986    0.8090    0.8038      1000
           7     0.8173    0.8860    0.8503      1000
           8     0.6850    0.7288    0.7063       767
           9     0.8485    0.8180    0.8330      1000
          10     0.8937    0.8410    0.8666      1000
          11     0.8835    0.8420    0.8623      1000
          12     0.7989    0.7150    0.7546      1000
          13     0.8237    0.6962    0.7546       678
          14     0.7365    0.7154    0.7258       629
          15     0.8041    0.8580    0.8302      1000
          16     0.9163    0.8900    0.9029       418
          17     0.7750    0.8680    0.8189      1000
          18     0.8402    0.8620    0.8509      1000
          19     0.8354    0.8580    0.8466      1000
          20     0.7866    0.7370    0.7610      1000
          21     0.7411    0.8530    0.7931      1000
          22     0.8019    0.7708    0.7860       336
          23     0.7043    0.8296    0.7618       399
          24     0.8487    0.8470    0.8478      1000
          25     0.9045    0.7480    0.8188      1000
          26     0.8849    0.8553    0.8698       836
          27     0.9002    0.7760    0.8335      1000
          28     0.9438    0.8570    0.8983      1000
          29     0.7413    0.7253    0.7332       324
          30     0.7544    0.8230    0.7872      1000
          31     0.8537    0.7731    0.8114       498
          32     0.7692    0.7857    0.7774       280
          33     0.7893    0.7736    0.7813       552
          34     0.8014    0.9040    0.8496      1000
          35     0.8504    0.7960    0.8223      1000
          36     0.7104    0.8115    0.7576       260
          37     0.9098    0.9380    0.9237      1000
          38     0.7734    0.8910    0.8281      1000
          39     0.8158    0.8370    0.8263      1000
          40     0.8080    0.7450    0.7752      1000
          41     0.7847    0.8420    0.8123      1000
          42     0.8005    0.8420    0.8207       348
          43     0.8324    0.7769    0.8037       390
          44     0.7917    0.5588    0.6552        68
          45     0.6567    0.6875    0.6718        64
          46     0.8622    0.8510    0.8566      1000
          47     0.9297    0.9520    0.9407      1000
          48     0.8815    0.7387    0.8038       574

    accuracy                         0.8294     38547
   macro avg     0.8196    0.8153    0.8156     38547
weighted avg     0.8320    0.8294    0.8292     38547
