CLASSIFICATION REPORT: TL_RESNET50V2
============================================================
              precision    recall  f1-score   support

           0     0.9664    0.9770    0.9717      1000
           1     0.9840    0.9810    0.9825      1000
           2     0.9434    0.9660    0.9545      1000
           3     0.9298    0.8413    0.8833       126
           4     0.9717    0.9620    0.9668      1000
           5     0.9362    0.8950    0.9151      1000
           6     0.9425    0.9340    0.9382      1000
           7     0.8945    0.9160    0.9051      1000
           8     0.8639    0.9518    0.9057       767
           9     0.9630    0.9360    0.9493      1000
          10     0.9744    0.9510    0.9626      1000
          11     0.9327    0.9430    0.9378      1000
          12     0.9339    0.9190    0.9264      1000
          13     0.9219    0.8702    0.8953       678
          14     0.9169    0.8951    0.9059       629
          15     0.9225    0.9640    0.9428      1000
          16     0.9534    0.9785    0.9658       418
          17     0.9168    0.9700    0.9427      1000
          18     0.9425    0.9340    0.9382      1000
          19     0.9524    0.9610    0.9567      1000
          20     0.9113    0.9140    0.9126      1000
          21     0.9375    0.9600    0.9486      1000
          22     0.9322    0.9405    0.9363       336
          23     0.9163    0.9599    0.9376       399
          24     0.9511    0.9530    0.9520      1000
          25     0.9752    0.8660    0.9174      1000
          26     0.9736    0.9689    0.9712       836
          27     0.9681    0.9420    0.9549      1000
          28     0.9756    0.9190    0.9464      1000
          29     0.8370    0.9352    0.8834       324
          30     0.9286    0.9750    0.9512      1000
          31     0.9608    0.9357    0.9481       498
          32     0.9793    0.8464    0.9080       280
          33     0.9119    0.9746    0.9422       552
          34     0.9383    0.9740    0.9558      1000
          35     0.9113    0.9660    0.9379      1000
          36     0.9288    0.9538    0.9412       260
          37     0.9644    0.9740    0.9692      1000
          38     0.9258    0.9360    0.9309      1000
          39     0.9450    0.9110    0.9277      1000
          40     0.9110    0.9310    0.9209      1000
          41     0.9333    0.9380    0.9357      1000
          42     0.9233    0.9684    0.9453       348
          43     0.9608    0.9436    0.9521       390
          44     0.9107    0.7500    0.8226        68
          45     0.8525    0.8125    0.8320        64
          46     0.9498    0.9640    0.9568      1000
          47     0.9812    0.9890    0.9851      1000
          48     0.9623    0.7561    0.8468       574

    accuracy                         0.9407     38547
   macro avg     0.9371    0.9307    0.9330     38547
weighted avg     0.9415    0.9407    0.9405     38547
