CLASSIFICATION REPORT: TL_YOLOV8
============================================================
              precision    recall  f1-score   support

           0     0.0218    0.0220    0.0219      1000
           1     0.0241    0.0240    0.0240      1000
           2     0.0281    0.0280    0.0281      1000
           3     0.0020    0.0159    0.0035       126
           4     0.0220    0.0220    0.0220      1000
           5     0.0222    0.0150    0.0179      1000
           6     0.0161    0.0100    0.0123      1000
           7     0.0277    0.0280    0.0278      1000
           8     0.0142    0.0078    0.0101       767
           9     0.0229    0.0230    0.0230      1000
          10     0.0317    0.0320    0.0318      1000
          11     0.0231    0.0230    0.0230      1000
          12     0.0199    0.0200    0.0199      1000
          13     0.0254    0.0369    0.0300       678
          14     0.0139    0.0223    0.0171       629
          15     0.0091    0.0030    0.0045      1000
          16     0.0101    0.0096    0.0098       418
          17     0.0269    0.0270    0.0270      1000
          18     0.0319    0.0320    0.0320      1000
          19     0.0194    0.0160    0.0175      1000
          20     0.0319    0.0320    0.0320      1000
          21     0.0204    0.0200    0.0202      1000
          22     0.0031    0.0030    0.0030       336
          23     0.0078    0.0025    0.0038       399
          24     0.0187    0.0190    0.0188      1000
          25     0.0283    0.0140    0.0187      1000
          26     0.0188    0.0060    0.0091       836
          27     0.0218    0.0120    0.0155      1000
          28     0.0265    0.0270    0.0268      1000
          29     0.0079    0.0247    0.0120       324
          30     0.0194    0.0050    0.0079      1000
          31     0.0091    0.0181    0.0121       498
          32     0.0070    0.0250    0.0110       280
          33     0.0151    0.0272    0.0194       552
          34     0.0233    0.0240    0.0236      1000
          35     0.0301    0.0300    0.0300      1000
          36     0.0030    0.0115    0.0047       260
          37     0.0200    0.0070    0.0104      1000
          38     0.0211    0.0080    0.0116      1000
          39     0.0000    0.0000    0.0000      1000
          40     0.0484    0.0030    0.0056      1000
          41     0.0281    0.0280    0.0280      1000
          42     0.0119    0.0345    0.0177       348
          43     0.0073    0.0103    0.0085       390
          44     0.0000    0.0000    0.0000        68
          45     0.0020    0.0312    0.0038        64
          46     0.0278    0.0280    0.0279      1000
          47     0.0292    0.0230    0.0257      1000
          48     0.0233    0.0401    0.0295       574

    accuracy                         0.0194     38547
   macro avg     0.0188    0.0190    0.0172     38547
weighted avg     0.0218    0.0194    0.0192     38547
